age_dist <- 
c(0.118574863476131, 0.115752003134772, 0.12863483070627, 0.158984676786142, 0.150148122961526,
0.154368236677233, 0.105371638917985, 0.0496721490268388, 0.0184934783131012)
agedistr_cases <- 
c(416, 549, 3619, 7600, 8571, 10008, 8583, 3918, 1408)
agedistr_deaths <- 
c(0, 1, 7, 18, 38, 130, 309, 312, 208)
D <- 42
doprint <- 0
G <- 60
incidence_cases <- 
c(20, 7, 27, 13, 40, 27, 40, 76, 67, 138, 125, 177, 230, 250, 414, 461, 616, 661, 844, 1286, 1484,
1893, 2339, 2609, 2484, 2598, 2553, 2454, 2203, 2143, 2009, 2879, 1744, 1483, 1267, 1108, 730, 622, 436, 292, 160, 83)
incidence_deaths <- 
c(0, 0, 0, 0, 0, 0, 0, 0, 0, 0, 0, 0, 1, 0, 1, 0, 0, 1, 1, 2, 3, 7, 7, 14, 13, 21, 23, 23, 33, 38,
40, 40, 50, 56, 58, 64, 64, 76, 78, 85, 95, 85)
inference <- 1
K <- 9
p_beta <- 1
p_epsilon <- 
c(1, 1)
p_eta <- 
c(1, 1)
p_gamma <- 
c(2.07561791442671e-06, 0.000130682490666282, 0.00114559736784556, 0.00417305039328952, 0.00955533006734719,
0.016649159742854, 0.0243803443843449, 0.0317526353800538, 0.0380765747148176, 0.0429934878881917, 0.0464073684484736,
0.048396267084154, 0.0491353490328749, 0.0488408538505247, 0.047733883346175, 0.0460195610879452, 0.043876846199932,
0.0414551366725364, 0.038874854515366, 0.0362301237755572, 0.0335923465954275, 0.0310139670665492, 0.0285320326710728,
0.0261713647787692, 0.0239472708176794, 0.0218677993289551, 0.0199355746396838, 0.0181492633743083, 0.0165047289166708,
0.0149959275407906, 0.0136155944898094, 0.0123557617060932, 0.0112081422689109, 0.0101644104314619, 0.00921640071111329,
0.008356244843993, 0.00757646154080138, 0.00687001080153193, 0.00623032197142737, 0.00565130265555658,
0.00512733396761278, 0.00465325629260727, 0.00422434872668476, 0.00383630456478445, 0.00348520459242829,
0.00316748946429413, 0.00287993208928261, 0.00261961066549499, 0.00238388279973534, 0.00217036098969736,
0.00197688963098663, 0.00180152362619401, 0.00164250861206672, 0.00149826277774723, 0.00136736021761363,
0.00124851574307994, 0.00114057106612508, 0.00104248226133363, 0.000953308411264842, 0.000872201340876511)
p_incubation <- 5.6
p_infectious <- 2.9
p_nu <- 0.2
p_phi <- 0.01
p_pi <- 
c(1, 999)
p_psi <- 0.49
p_rho <- 
c(1, 1)
p_xi <- 1
pop_t <- 59020000
S <- 143
t_data <- 2
t0 <- 0
time_lag <- 100
tmax <- 43
tmax2 <- 43
ts <- 
c(1, 2, 3, 4, 5, 6, 7, 8, 9, 10, 11, 12, 13, 14, 15, 16, 17, 18, 19, 20, 21, 22, 23, 24, 25, 26, 27, 28, 29, 30,
31, 32, 33, 34, 35, 36, 37, 38, 39, 40, 41, 42, 43, 44, 45, 46, 47, 48, 49, 50, 51, 52, 53, 54, 55, 56, 57, 58, 59, 60,
61, 62, 63, 64, 65, 66, 67, 68, 69, 70, 71, 72, 73, 74, 75, 76, 77, 78, 79, 80, 81, 82, 83, 84, 85, 86, 87, 88, 89, 90,
91, 92, 93, 94, 95, 96, 97, 98, 99, 100, 101, 102, 103, 104, 105, 106, 107, 108, 109, 110, 111, 112, 113, 114, 115, 116,
117, 118, 119, 120, 121, 122, 123, 124, 125, 126, 127, 128, 129, 130, 131, 132, 133, 134, 135, 136, 137, 138, 139, 140,
141, 142, 143)
tswitch <- 24
