age_dist <- 
c(0.118574863476131, 0.115752003134772, 0.12863483070627, 0.158984676786142, 0.150148122961526, 0.154368236677233, 0.105371638917985, 0.0496721490268388, 0.0184934783131012)
agedistr_cases <- 
c(416, 549, 3619, 7600, 8571, 10008, 8583, 3918, 1408)
agedistr_deaths <- 
c(0, 1, 7, 18, 38, 130, 309, 312, 208)
com_dist <- 
c(6.53431338642808e-05, 0.00398439059092551, 0.0342311061492189, 0.0540347228006328, 0.0768461219101128, 0.105538968643142, 0.127814406180783, 0.135180007040608, 0.132220911055837)
comdistr_cases <- 1102
comdistr_deaths <- 80
contact <- 
c(0.810810810810811, 0.0908559523547268, 0.372736406439194, 1.27360250772, 0.200569529052988, 0.375083342749019, 0.60252680195839, 0.0934189610338407, 0.0225225225225225, 0.0904095466183592,
2.4392523364486, 0.140093983348316, 0.706545801082683, 0.942937990573664, 0.27920963239528, 0.326366336169345, 0.196893495540358, 0.106045179398683, 0.289504965045504, 0.109348487445688, 1.76086956521739,
0.923069180041088, 0.93772012267962, 0.965186137047983, 0.274120168579709, 0.116564256844925, 0.0773400190233669, 0.91820215964926, 0.511898453884688, 0.85680985412458, 2.70542635658915, 1.41323192857305,
0.993399938008648, 0.719603621821669, 0.146103509716984, 0.07633130138862, 0.13119227828341, 0.619819944222649, 0.789700390093264, 1.28218991206025, 2.17699115044248, 1.1199461877854, 0.514253349451317,
0.496466649026704, 0.101504389707241, 0.259078294801222, 0.193808465356441, 0.858341528544101, 0.951750199084178, 1.18265232149625, 2.31730769230769, 0.977037933291252, 0.606164987575222, 0.4393566902894,
0.552747314447092, 0.300880970126328, 0.323770338070664, 0.915670466885606, 0.721247101248993, 1.29765260904839, 2.76146788990826, 0.959867553314515, 0.340125585278128, 0.121809161946423, 0.25799743320884,
0.1956843612527, 0.264241585561661, 0.989672909331423, 1.14428055461657, 1.36428769674242, 1.96363636363636, 1.0266513139522, 0.0447824174066075, 0.211894911958445, 0.197988778289041, 0.210517772531686,
0.308554588199316, 1.26474943927563, 0.737190168823191, 1.56555579008225, 2.0625)
D <- 42
doprint <- 0
G <- 60
incidence_cases <- 
c(20, 7, 27, 13, 40, 27, 40, 76, 67, 138, 125, 177, 230, 250, 414, 461, 616, 661, 844, 1286, 1484, 1893, 2339, 2609, 2484, 2598, 2553, 2454, 2203, 2143, 2009, 2879, 1744, 1483, 1267, 1108, 730,
622, 436, 292, 160, 83)
incidence_deaths <- 
c(0, 0, 0, 0, 0, 0, 0, 0, 0, 0, 0, 0, 1, 0, 1, 0, 0, 1, 1, 2, 3, 7, 7, 14, 13, 21, 23, 23, 33, 38, 40, 40, 50, 56, 58, 64, 64, 76, 78, 85, 95, 85)
inference <- 1
K <- 9
p_beta <- 1
p_chi <- 5
p_epsilon <- 
c(1, 1)
p_eta <- 
c(1, 1)
p_gamma <- 
c(2.09684753737558e-06, 0.000132019123956822, 0.00115731464972174, 0.00421573276068498, 0.00965306291744055, 0.0168194489763876, 0.024629708930221, 0.0320774044389765, 0.038466025643508,
0.0434332294855151, 0.0468820275499212, 0.0488912688352894, 0.0496379101864372, 0.049340402878571, 0.0482221101716813, 0.0464902536577958, 0.0443256228724282, 0.0418791438632311, 0.0392724703278992, 0.036600689023525,
0.033935932400518, 0.0313311809537464, 0.02882386109063, 0.0264390480563363, 0.0241922058447767, 0.0220914653183689, 0.0201394776460742, 0.0183348958144401, 0.016673540897594, 0.0151493073537353, 0.0137548561213622,
0.0124821376447682, 0.0113227802437869, 0.0102683730150654, 0.0093106669586161, 0.00844171333319487, 0.0076539543301437, 0.00694027794364776, 0.00629404631365052, 0.00570910473160993, 0.00517977684070072,
0.00470085025288766, 0.0042675557784493, 0.00387554266292444, 0.00352085160572619, 0.00319988685620045, 0.00290938831624464, 0.00264640429948453, 0.00240826538606826, 0.00219255965408253, 0.00199710945140043,
0.00181994978596636, 0.00165930835072867, 0.00151358715591376, 0.0013813457115976, 0.00126128568415969, 0.00115223693849587, 0.00105314487181949, 0.000963058942894227, 0.000881122301460636)
p_incubation <- 5.95
p_infectious <- 2.4
p_nu <- 0.2
p_phi <- 0.01
p_pi <- 
c(1, 999)
p_psi <- 
c(71, 18)
p_rho <- 
c(1, 1)
p_xi <- 1
pop_t <- 59020000
S <- 42
t_data <- 1
t0 <- 0
ts <- 
c(1, 2, 3, 4, 5, 6, 7, 8, 9, 10, 11, 12, 13, 14, 15, 16, 17, 18, 19, 20, 21, 22, 23, 24, 25, 26, 27, 28, 29, 30, 31, 32, 33, 34, 35, 36, 37, 38, 39, 40, 41, 42)
tswitch <- 20
